And the wages are– And the number of withholding allowances claimed is—
At least But less than 0 1 2 3 4 5 6 7 8 9 10
The amount of income tax to be withheld is—
0 165 0 0 0 0 0 0 0 0 0 0 0
165 170 1 0 0 0 0 0 0 0 0 0 0
170 175 1 0 0 0 0 0 0 0 0 0 0
175 180 2 0 0 0 0 0 0 0 0 0 0
180 185 2 0 0 0 0 0 0 0 0 0 0
185 190 3 0 0 0 0 0 0 0 0 0 0
190 195 3 0 0 0 0 0 0 0 0 0 0
195 200 4 0 0 0 0 0 0 0 0 0 0
200 210 4 0 0 0 0 0 0 0 0 0 0
210 220 5 0 0 0 0 0 0 0 0 0 0
220 230 6 0 0 0 0 0 0 0 0 0 0
230 240 7 0 0 0 0 0 0 0 0 0 0
240 250 8 1 0 0 0 0 0 0 0 0 0
250 260 9 2 0 0 0 0 0 0 0 0 0
260 270 10 3 0 0 0 0 0 0 0 0 0
270 280 11 4 0 0 0 0 0 0 0 0 0
280 290 12 5 0 0 0 0 0 0 0 0 0
290 300 13 6 0 0 0 0 0 0 0 0 0
300 310 14 7 0 0 0 0 0 0 0 0 0
310 320 15 8 0 0 0 0 0 0 0 0 0
320 330 16 9 1 0 0 0 0 0 0 0 0
330 340 17 10 2 0 0 0 0 0 0 0 0
340 350 18 11 3 0 0 0 0 0 0 0 0
350 360 19 12 4 0 0 0 0 0 0 0 0
360 370 20 13 5 0 0 0 0 0 0 0 0
370 380 21 14 6 0 0 0 0 0 0 0 0
380 390 22 15 7 0 0 0 0 0 0 0 0
390 400 23 16 8 0 0 0 0 0 0 0 0
400 410 24 17 9 1 0 0 0 0 0 0 0
410 420 25 18 10 2 0 0 0 0 0 0 0
420 430 26 19 11 3 0 0 0 0 0 0 0
430 440 27 20 12 4 0 0 0 0 0 0 0
440 450 28 21 13 5 0 0 0 0 0 0 0
450 460 29 22 14 6 0 0 0 0 0 0 0
460 470 30 23 15 7 0 0 0 0 0 0 0
470 480 31 24 16 8 1 0 0 0 0 0 0
480 490 32 25 17 9 2 0 0 0 0 0 0
490 500 33 26 18 10 3 0 0 0 0 0 0
500 510 34 27 19 11 4 0 0 0 0 0 0
510 520 35 28 20 12 5 0 0 0 0 0 0
520 530 37 29 21 13 6 0 0 0 0 0 0
530 540 38 30 22 14 7 0 0 0 0 0 0
540 550 40 31 23 15 8 0 0 0 0 0 0
550 560 41 32 24 16 9 1 0 0 0 0 0
560 570 43 33 25 17 10 2 0 0 0 0 0
570 580 44 34 26 18 11 3 0 0 0 0 0
580 590 46 35 27 19 12 4 0 0 0 0 0
590 600 47 36 28 20 13 5 0 0 0 0 0
600 610 49 38 29 21 14 6 0 0 0 0 0
610 620 50 39 30 22 15 7 0 0 0 0 0
620 630 52 41 31 23 16 8 1 0 0 0 0
630 640 53 42 32 24 17 9 2 0 0 0 0
640 650 55 44 33 25 18 10 3 0 0 0 0
650 660 56 45 34 26 19 11 4 0 0 0 0
660 670 58 47 35 27 20 12 5 0 0 0 0
670 680 59 48 37 28 21 13 6 0 0 0 0
680 690 61 50 38 29 22 14 7 0 0 0 0
690 700 62 51 40 30 23 15 8 0 0 0 0
700 710 64 53 41 31 24 16 9 1 0 0 0
710 720 65 54 43 32 25 17 10 2 0 0 0
720 730 67 56 44 33 26 18 11 3 0 0 0
730 740 68 57 46 34 27 19 12 4 0 0 0
740 750 70 59 47 36 28 20 13 5 0 0 0
750 760 71 60 49 37 29 21 14 6 0 0 0
760 770 73 62 50 39 30 22 15 7 0 0 0
770 780 74 63 52 40 31 23 16 8 0 0 0
780 790 76 65 53 42 32 24 17 9 1 0 0
790 800 77 66 55 43 33 25 18 10 2 0 0
800 810 79 68 56 45 34 26 19 11 3 0 0
810 820 80 69 58 46 35 27 20 12 4 0 0
820 830 82 71 59 48 36 28 21 13 5 0 0
830 840 83 72 61 49 38 29 22 14 6 0 0
840 850 85 74 62 51 39 30 23 15 7 0 0
850 860 86 75 64 52 41 31 24 16 8 1 0
860 870 88 77 65 54 42 32 25 17 9 2 0
870 880 89 78 67 55 44 33 26 18 10 3 0
880 890 91 80 68 57 45 34 27 19 11 4 0
890 900 92 81 70 58 47 35 28 20 12 5 0
900 910 94 83 71 60 48 37 29 21 13 6 0
910 920 95 84 73 61 50 38 30 22 14 7 0
920 930 97 86 74 63 51 40 31 23 15 8 0
930 940 98 87 76 64 53 41 32 24 16 9 1
940 950 100 89 77 66 54 43 33 25 17 10 2
950 960 101 90 79 67 56 44 34 26 18 11 3
960 970 103 92 80 69 57 46 35 27 19 12 4
970 980 104 93 82 70 59 47 36 28 20 13 5
980 990 106 95 83 72 60 49 38 29 21 14 6
990 1000 107 96 85 73 62 50 39 30 22 15 7
1000 1010 109 98 86 75 63 52 41 31 23 16 8
1010 1020 110 99 88 76 65 53 42 32 24 17 9
1020 1030 112 101 89 78 66 55 44 33 25 18 10
1030 1040 113 102 91 79 68 56 45 34 26 19 11
1040 1050 115 104 92 81 69 58 47 35 27 20 12
1050 1060 116 105 94 82 71 59 48 37 28 21 13
1060 1070 118 107 95 84 72 61 50 38 29 22 14
1070 1080 119 108 97 85 74 62 51 40 30 23 15
1080 1090 121 110 98 87 75 64 53 41 31 24 16
1090 1100 122 111 100 88 77 65 54 43 32 25 17
1100 1110 124 113 101 90 78 67 56 44 33 26 18
1110 1120 125 114 103 91 80 68 57 46 34 27 19
1120 1130 127 116 104 93 81 70 59 47 36 28 20
1130 1140 128 117 106 94 83 71 60 49 37 29 21
1140 1150 130 119 107 96 84 73 62 50 39 30 22
1150 1160 131 120 109 97 86 74 63 52 40 31 23
1160 1170 133 122 110 99 87 76 65 53 42 32 24
1170 1180 134 123 112 100 89 77 66 55 43 33 25
1180 1190 136 125 113 102 90 79 68 56 45 34 26
1190 1200 137 126 115 103 92 80 69 58 46 35 27
1200 1210 139 128 116 105 93 82 71 59 48 36 28
1210 1220 140 129 118 106 95 83 72 61 49 38 29
1220 1230 142 131 119 108 96 85 74 62 51 39 30
1230 1240 143 132 121 109 98 86 75 64 52 41 31
1240 1250 145 134 122 111 99 88 77 65 54 42 32
1250 1260 146 135 124 112 101 89 78 67 55 44 33
1260 1270 148 137 125 114 102 91 80 68 57 45 34
1270 1280 149 138 127 115 104 92 81 70 58 47 35
1280 1290 151 140 128 117 105 94 83 71 60 48 37
1290 1300 152 141 130 118 107 95 84 73 61 50 38
1300 1310 154 143 131 120 108 97 86 74 63 51 40
1310 1320 155 144 133 121 110 98 87 76 64 53 41
1320 1330 157 146 134 123 111 100 89 77 66 54 43
1330 1340 158 147 136 124 113 101 90 79 67 56 44
1340 1350 160 149 137 126 114 103 92 80 69 57 46
1350 1360 161 150 139 127 116 104 93 82 70 59 47
1360 1370 163 152 140 129 117 106 95 83 72 60 49
1370 1380 164 153 142 130 119 107 96 85 73 62 50
1380 1390 166 155 143 132 120 109 98 86 75 63 52
1390 1400 167 156 145 133 122 110 99 88 76 65 53
1400 1410 169 158 146 135 123 112 101 89 78 66 55
1410 1420 170 159 148 136 125 113 102 91 79 68 56
1420 1430 172 161 149 138 126 115 104 92 81 69 58
1430 1440 173 162 151 139 128 116 105 94 82 71 59
1440 1450 175 164 152 141 129 118 107 95 84 72 61
1450 1460 176 165 154 142 131 119 108 97 85 74 62
1460 1470 178 167 155 144 132 121 110 98 87 75 64
1470 1480 179 168 157 145 134 122 111 100 88 77 65
