And the wages are– And the number of withholding allowances claimed is—
At least But less than 0 1 2 3 4 5 6 7 8 9 10
The amount of income tax to be withheld is—
0 55 0 0 0 0 0 0 0 0 0 0 0
55 60 1 0 0 0 0 0 0 0 0 0 0
60 65 2 0 0 0 0 0 0 0 0 0 0
65 70 2 0 0 0 0 0 0 0 0 0 0
70 75 3 0 0 0 0 0 0 0 0 0 0
75 80 3 0 0 0 0 0 0 0 0 0 0
80 85 4 0 0 0 0 0 0 0 0 0 0
85 90 4 0 0 0 0 0 0 0 0 0 0
90 95 5 0 0 0 0 0 0 0 0 0 0
95 100 5 0 0 0 0 0 0 0 0 0 0
100 105 6 0 0 0 0 0 0 0 0 0 0
105 110 6 0 0 0 0 0 0 0 0 0 0
110 115 7 0 0 0 0 0 0 0 0 0 0
115 120 7 0 0 0 0 0 0 0 0 0 0
120 125 8 0 0 0 0 0 0 0 0 0 0
125 130 8 1 0 0 0 0 0 0 0 0 0
130 135 9 1 0 0 0 0 0 0 0 0 0
135 140 9 2 0 0 0 0 0 0 0 0 0
140 145 10 2 0 0 0 0 0 0 0 0 0
145 150 10 3 0 0 0 0 0 0 0 0 0
150 155 11 3 0 0 0 0 0 0 0 0 0
155 160 11 4 0 0 0 0 0 0 0 0 0
160 165 12 4 0 0 0 0 0 0 0 0 0
165 170 12 5 0 0 0 0 0 0 0 0 0
170 175 13 5 0 0 0 0 0 0 0 0 0
175 180 13 6 0 0 0 0 0 0 0 0 0
180 185 14 6 0 0 0 0 0 0 0 0 0
185 190 14 7 0 0 0 0 0 0 0 0 0
190 195 15 7 0 0 0 0 0 0 0 0 0
195 200 15 8 0 0 0 0 0 0 0 0 0
200 210 16 9 1 0 0 0 0 0 0 0 0
210 220 17 10 2 0 0 0 0 0 0 0 0
220 230 19 11 3 0 0 0 0 0 0 0 0
230 240 20 12 4 0 0 0 0 0 0 0 0
240 250 22 13 5 0 0 0 0 0 0 0 0
250 260 23 14 6 0 0 0 0 0 0 0 0
260 270 25 15 7 0 0 0 0 0 0 0 0
270 280 26 16 8 0 0 0 0 0 0 0 0
280 290 28 17 9 1 0 0 0 0 0 0 0
290 300 29 18 10 2 0 0 0 0 0 0 0
300 310 31 19 11 3 0 0 0 0 0 0 0
310 320 32 21 12 4 0 0 0 0 0 0 0
320 330 34 22 13 5 0 0 0 0 0 0 0
330 340 35 24 14 6 0 0 0 0 0 0 0
340 350 37 25 15 7 0 0 0 0 0 0 0
350 360 38 27 16 8 1 0 0 0 0 0 0
360 370 40 28 17 9 2 0 0 0 0 0 0
370 380 41 30 18 10 3 0 0 0 0 0 0
380 390 43 31 20 11 4 0 0 0 0 0 0
390 400 44 33 21 12 5 0 0 0 0 0 0
400 410 46 34 23 13 6 0 0 0 0 0 0
410 420 47 36 24 14 7 0 0 0 0 0 0
420 430 49 37 26 15 8 0 0 0 0 0 0
430 440 50 39 27 16 9 1 0 0 0 0 0
440 450 52 40 29 17 10 2 0 0 0 0 0
450 460 53 42 30 19 11 3 0 0 0 0 0
460 470 55 43 32 20 12 4 0 0 0 0 0
470 480 56 45 33 22 13 5 0 0 0 0 0
480 490 58 46 35 23 14 6 0 0 0 0 0
490 500 59 48 36 25 15 7 0 0 0 0 0
500 510 61 49 38 26 16 8 1 0 0 0 0
510 520 62 51 39 28 17 9 2 0 0 0 0
520 530 64 52 41 29 18 10 3 0 0 0 0
530 540 65 54 42 31 19 11 4 0 0 0 0
540 550 67 55 44 32 21 12 5 0 0 0 0
550 560 68 57 45 34 22 13 6 0 0 0 0
560 570 70 58 47 35 24 14 7 0 0 0 0
570 580 71 60 48 37 25 15 8 0 0 0 0
580 590 73 61 50 38 27 16 9 1 0 0 0
590 600 74 63 51 40 28 17 10 2 0 0 0
600 610 76 64 53 41 30 19 11 3 0 0 0
610 620 77 66 54 43 31 20 12 4 0 0 0
620 630 79 67 56 44 33 22 13 5 0 0 0
630 640 80 69 57 46 34 23 14 6 0 0 0
640 650 82 70 59 47 36 25 15 7 0 0 0
650 660 83 72 60 49 37 26 16 8 0 0 0
660 670 85 73 62 50 39 28 17 9 1 0 0
670 680 86 75 63 52 40 29 18 10 2 0 0
680 690 88 76 65 53 42 31 19 11 3 0 0
690 700 89 78 66 55 43 32 21 12 4 0 0
700 710 91 79 68 56 45 34 22 13 5 0 0
710 720 92 81 69 58 46 35 24 14 6 0 0
720 730 94 82 71 59 48 37 25 15 7 0 0
730 740 95 84 72 61 49 38 27 16 8 1 0
740 750 97 85 74 62 51 40 28 17 9 2 0
750 760 98 87 75 64 52 41 30 18 10 3 0
760 770 101 88 77 65 54 43 31 20 11 4 0
770 780 103 90 78 67 55 44 33 21 12 5 0
780 790 106 91 80 68 57 46 34 23 13 6 0
790 800 108 93 81 70 58 47 36 24 14 7 0
800 810 111 94 83 71 60 49 37 26 15 8 0
810 820 113 96 84 73 61 50 39 27 16 9 1
820 830 116 97 86 74 63 52 40 29 17 10 2
830 840 118 99 87 76 64 53 42 30 19 11 3
840 850 121 102 89 77 66 55 43 32 20 12 4
850 860 123 104 90 79 67 56 45 33 22 13 5
860 870 126 107 92 80 69 58 46 35 23 14 6
870 880 128 109 93 82 70 59 48 36 25 15 7
880 890 131 112 95 83 72 61 49 38 26 16 8
890 900 133 114 96 85 73 62 51 39 28 17 9
900 910 136 117 98 86 75 64 52 41 29 18 10
910 920 138 119 100 88 76 65 54 42 31 19 11
920 930 141 122 103 89 78 67 55 44 32 21 12
930 940 143 124 105 91 79 68 57 45 34 22 13
940 950 146 127 108 92 81 70 58 47 35 24 14
950 960 148 129 110 94 82 71 60 48 37 25 15
960 970 151 132 113 95 84 73 61 50 38 27 16
970 980 153 134 115 97 85 74 63 51 40 28 17
980 990 156 137 118 99 87 76 64 53 41 30 19
990 1000 158 139 120 101 88 77 66 54 43 31 20
1000 1010 161 142 123 104 90 79 67 56 44 33 22
1010 1020 163 144 125 106 91 80 69 57 46 34 23
1020 1030 166 147 128 109 93 82 70 59 47 36 25
1030 1040 168 149 130 111 94 83 72 60 49 37 26
1040 1050 171 152 133 114 96 85 73 62 50 39 28
1050 1060 173 154 135 116 97 86 75 63 52 40 29
1060 1070 176 157 138 119 100 88 76 65 53 42 31
1070 1080 178 159 140 121 102 89 78 66 55 43 32
1080 1090 181 162 143 124 105 91 79 68 56 45 34
1090 1100 183 164 145 126 107 92 81 69 58 46 35
1100 1110 186 167 148 129 110 94 82 71 59 48 37
1110 1120 188 169 150 131 112 95 84 72 61 49 38
1120 1130 191 172 153 134 115 97 85 74 62 51 40
1130 1140 193 174 155 136 117 98 87 75 64 52 41
1140 1150 196 177 158 139 120 101 88 77 65 54 43
1150 1160 198 179 160 141 122 103 90 78 67 55 44
1160 1170 201 182 163 144 125 106 91 80 68 57 46
1170 1180 203 184 165 146 127 108 93 81 70 58 47
1180 1190 206 187 168 149 130 111 94 83 71 60 49
1190 1200 208 189 170 151 132 113 96 84 73 61 50
1200 1210 211 192 173 154 135 116 97 86 74 63 52
1210 1220 213 194 175 156 137 118 99 87 76 64 53
1220 1230 216 197 178 159 140 121 102 89 77 66 55
1230 1240 218 199 180 161 142 123 104 90 79 67 56
1240 1250 221 202 183 164 145 126 107 92 80 69 58